1.0
1.0
1.0
0.7284248019874926
0.6240324203267691
0.5685217028084304
0.5750204835010263
0.5188413917203439
0.44504662789617305
0.7287731888522686
0.6286633911705852
0.5670318657100463
0.57180533947368
0.5116028899826431
0.4449792236954447
0.4246752742945295
0.4345113185520813
0.49040784767484913
0.40340566845415166
0.3581713099743468
0.3416436645989783
0.34998478807799765
0.38098341972364286
0.31526885455696896
0.3004328892524366
0.29267204042662837
0.30276051430661227
0.32633611590120754
0.2723303714168748
0.26447721508476274
0.2652342961578536
0.2734823995013776
0.2958397480211365
0.2554701706420664
0.2453903772795021
0.2513717064305878
0.26535272814849503
0.2471309808877042
0.23516851867476998
0.23166517565539343
0.23910973441970765
0.25633950967250535
0.23344995949271788
0.22491529537622723
0.226286357796537
0.23394446392435594
0.24903624375895658
0.2261961944751674
0.22213443646144929
0.21866745507065843
0.22938922842408438
0.24281523497623797
0.2142303938899129
0.21505232569434665
0.21462396594929312
0.22131896415632382
0.23414417586807063
0.21144320060515015
0.20858504001167524
0.21260507844427515
0.2221848121220036
0.21677001070628218
0.20701679184506902
0.20418192779444322
0.2098909626843178
0.2246504720215065
0.20736895532299365
0.20142274248524383
0.20299626334545862
0.20738897888781196
0.22076310223633241
0.20131046278727915
0.2015133327310249
0.1999589926684926
0.2083450886379526
0.220399659347731
0.19939360170745418
0.19887338983251598
0.19640139895838757
0.20518917269322062
0.21355443641843436
0.19706864912403266
0.197212333526317
0.20180812145243443
0.2064626178921763
0.2008296384867355
0.198922570273697
0.19992998090201772
0.20052356798380713
0.21177819785358373
0.1992175907064826
0.1919350974914966
0.1944429617399352
0.19990989642238172
0.20928435254715297
0.19278024012700068
0.19301811269053148
0.1929355514103926
0.1994575788321261
0.2088713347518344
0.19035173376459394
0.18977365498345156
0.19231223232285788
0.19749162362278772
0.20443152896219657
0.1912767120576866
0.1894127760209871
0.19309001478910462
0.20034558377129527
